asc_grids/soil-profile-id_nrw_gk3.asc
ncols        250
nrows        241
xllcorner    3280414.8
yllcorner    5580500.5
cellsize     1000.0
NODATA_value  -9999
[rows 64 to 95 of 241, columns 0 to 71 of 250]
-9999 -9999 -9999 -9999 -9999 -9999 -9999 -9999 -9999 -9999 -9999 -9999 -9999 -9999 -9999 -9999 -9999 -9999 -9999 -9999 -9999 -9999 -9999 -9999 -9999 -9999 -9999 -9999 -9999 -9999 -9999 -9999 -9999 -9999 -9999 -9999 -9999 -9999 -9999 -9999 -9999 -9999 -9999 -9999 -9999 -9999 -9999 -9999 -9999 -9999 -9999 -9999 -9999 -9999 -9999 -9999 -9999 -9999 -9999 -9999 -9999 -9999 -9999 -9999 -9999 -9999 -9999 242268 242269 242270 242271 242272
-9999 -9999 -9999 -9999 -9999 -9999 -9999 -9999 -9999 -9999 -9999 -9999 -9999 -9999 -9999 -9999 -9999 -9999 -9999 -9999 -9999 -9999 -9999 242924 242925 -9999 -9999 -9999 -9999 -9999 -9999 -9999 -9999 -9999 -9999 -9999 -9999 -9999 -9999 -9999 -9999 -9999 -9999 -9999 -9999 -9999 -9999 -9999 -9999 -9999 -9999 -9999 -9999 -9999 -9999 -9999 -9999 -9999 -9999 -9999 -9999 -9999 -9999 -9999 -9999 -9999 -9999 242968 242969 242970 242971 242972
-9999 -9999 -9999 -9999 -9999 -9999 -9999 -9999 -9999 -9999 -9999 -9999 -9999 -9999 -9999 -9999 -9999 -9999 -9999 -9999 243621 243622 243623 243624 243625 -9999 -9999 -9999 -9999 -9999 -9999 -9999 -9999 -9999 -9999 -9999 -9999 -9999 -9999 -9999 -9999 -9999 -9999 -9999 -9999 -9999 -9999 -9999 -9999 -9999 -9999 -9999 -9999 -9999 -9999 -9999 -9999 -9999 -9999 243660 243661 243662 -9999 -9999 -9999 243666 243667 243668 243669 243670 243671 243672
-9999 -9999 -9999 -9999 -9999 -9999 -9999 -9999 -9999 -9999 -9999 -9999 -9999 -9999 -9999 -9999 -9999 -9999 -9999 -9999 -9999 -9999 244323 244324 244325 -9999 -9999 -9999 -9999 -9999 -9999 -9999 -9999 -9999 -9999 -9999 -9999 -9999 -9999 -9999 -9999 -9999 -9999 -9999 -9999 -9999 -9999 -9999 -9999 -9999 -9999 -9999 244353 244354 244355 244356 244357 244358 244359 244360 244361 244362 244363 244364 244365 244366 244367 244368 244369 244370 244371 244372
-9999 -9999 -9999 -9999 -9999 -9999 -9999 -9999 -9999 -9999 -9999 -9999 -9999 -9999 -9999 -9999 -9999 -9999 -9999 -9999 -9999 -9999 245023 245024 245025 245026 -9999 -9999 -9999 -9999 -9999 -9999 -9999 -9999 -9999 -9999 -9999 -9999 -9999 -9999 -9999 -9999 -9999 -9999 -9999 -9999 -9999 -9999 -9999 -9999 245051 245052 245053 245054 245055 245056 245057 245058 245059 245060 245061 245062 245063 245064 245065 245066 245067 245068 245069 245070 245071 245072
-9999 -9999 -9999 -9999 -9999 -9999 -9999 -9999 -9999 -9999 -9999 -9999 -9999 -9999 -9999 -9999 -9999 -9999 -9999 -9999 -9999 -9999 -9999 245724 245725 245726 245727 245728 245729 245730 245731 245732 -9999 -9999 -9999 -9999 -9999 -9999 -9999 -9999 -9999 -9999 -9999 -9999 -9999 -9999 -9999 -9999 -9999 245750 245751 245752 245753 245754 245755 245756 245757 245758 245759 245760 245761 245762 245763 245764 245765 245766 245767 245768 245769 245770 245771 245772
-9999 -9999 -9999 -9999 -9999 -9999 -9999 -9999 -9999 -9999 -9999 -9999 -9999 -9999 -9999 -9999 246417 246418 -9999 -9999 -9999 -9999 -9999 -9999 246425 246426 246427 246428 246429 246430 246431 246432 246433 -9999 -9999 -9999 -9999 -9999 -9999 246440 246441 246442 246443 246444 -9999 -9999 -9999 246448 246449 246450 246451 246452 246453 246454 246455 246456 246457 246458 246459 246460 246461 246462 246463 246464 246465 246466 246467 246468 246469 246470 246471 246472
-9999 -9999 -9999 -9999 -9999 -9999 -9999 -9999 -9999 -9999 -9999 -9999 -9999 -9999 -9999 -9999 247117 247118 247119 247120 -9999 -9999 -9999 -9999 247125 247126 247127 247128 247129 247130 247131 247132 247133 -9999 -9999 -9999 -9999 -9999 -9999 -9999 247141 247142 247143 247144 247145 247146 247147 247148 247149 247150 247151 247152 247153 247154 247155 247156 247157 247158 247159 247160 247161 247162 247163 247164 247165 247166 247167 247168 247169 247170 247171 247172
-9999 -9999 -9999 -9999 -9999 -9999 -9999 -9999 -9999 -9999 -9999 -9999 -9999 -9999 247815 247816 247817 247818 247819 247820 247821 247822 247823 247824 247825 247826 247827 247828 247829 247830 247831 247832 247833 247834 247835 247836 247837 -9999 -9999 -9999 247841 247842 247843 247844 247845 247846 247847 247848 247849 247850 247851 247852 247853 247854 247855 247856 247857 247858 247859 247860 247861 247862 247863 247864 247865 247866 247867 247868 247869 247870 247871 247872
-9999 -9999 -9999 -9999 -9999 -9999 -9999 -9999 -9999 248510 248511 248512 248513 248514 248515 248516 248517 248518 248519 248520 248521 248522 248523 248524 248525 248526 248527 248528 248529 248530 248531 248532 248533 248534 248535 248536 248537 248538 -9999 -9999 248541 248542 248543 248544 248545 248546 248547 248548 248549 248550 248551 248552 248553 248554 248555 248556 248557 248558 248559 248560 248561 248562 248563 248564 248565 248566 248567 248568 248569 248570 248571 248572
-9999 -9999 -9999 -9999 -9999 -9999 -9999 -9999 -9999 249210 249211 249212 249213 249214 249215 249216 249217 249218 249219 249220 249221 249222 249223 249224 249225 249226 249227 249228 249229 249230 249231 249232 249233 249234 249235 249236 249237 249238 249239 249240 249241 249242 249243 249244 249245 249246 249247 249248 249249 249250 249251 249252 249253 249254 249255 249256 249257 249258 249259 249260 249261 249262 249263 249264 249265 249266 249267 249268 249269 249270 249271 249272
-9999 -9999 -9999 -9999 -9999 -9999 -9999 -9999 -9999 249910 249911 249912 249913 249914 249915 249916 249917 249918 249919 249920 249921 249922 249923 249924 249925 249926 249927 249928 249929 249930 249931 249932 249933 249934 249935 249936 249937 249938 249939 249940 249941 249942 249943 249944 249945 249946 249947 249948 249949 249950 249951 249952 249953 249954 249955 249956 249957 249958 249959 249960 249961 249962 249963 249964 249965 249966 249967 249968 249969 249970 249971 249972
-9999 -9999 -9999 -9999 -9999 -9999 -9999 -9999 -9999 -9999 250611 250612 250613 250614 250615 250616 250617 250618 250619 250620 250621 250622 250623 250624 250625 250626 250627 250628 250629 250630 250631 250632 250633 250634 250635 250636 250637 250638 250639 250640 250641 250642 250643 250644 250645 250646 250647 250648 250649 250650 250651 250652 250653 250654 250655 250656 250657 250658 250659 250660 250661 250662 250663 250664 250665 250666 250667 250668 250669 250670 250671 250672
-9999 -9999 -9999 -9999 -9999 -9999 -9999 -9999 -9999 -9999 -9999 251312 251313 251314 251315 251316 251317 251318 251319 251320 251321 251322 251323 251324 251325 251326 251327 251328 251329 251330 251331 251332 251333 251334 251335 251336 251337 251338 251339 251340 251341 251342 251343 251344 251345 251346 251347 251348 251349 251350 251351 251352 251353 251354 251355 251356 251357 251358 251359 251360 251361 251362 251363 251364 251365 251366 251367 251368 251369 251370 251371 251372
-9999 -9999 -9999 -9999 -9999 -9999 -9999 -9999 -9999 -9999 -9999 252012 252013 252014 252015 252016 252017 252018 252019 252020 252021 252022 252023 252024 252025 252026 252027 252028 252029 252030 252031 252032 252033 252034 252035 252036 252037 252038 252039 252040 252041 252042 252043 252044 252045 252046 252047 252048 252049 252050 252051 252052 252053 252054 252055 252056 252057 252058 252059 252060 252061 252062 252063 252064 252065 252066 252067 252068 252069 252070 252071 252072
-9999 -9999 -9999 -9999 -9999 -9999 -9999 -9999 -9999 -9999 -9999 252712 252713 252714 252715 252716 252717 252718 252719 252720 252721 252722 252723 252724 252725 252726 252727 252728 252729 252730 252731 252732 252733 252734 252735 252736 252737 252738 252739 252740 252741 252742 252743 252744 252745 252746 252747 252748 252749 252750 252751 252752 252753 252754 252755 252756 252757 252758 252759 252760 252761 252762 252763 252764 252765 252766 252767 252768 252769 252770 252771 252772
-9999 -9999 -9999 -9999 -9999 -9999 -9999 -9999 -9999 -9999 -9999 253412 253413 253414 253415 253416 253417 253418 253419 253420 253421 253422 253423 253424 253425 253426 253427 253428 253429 253430 253431 253432 253433 253434 253435 253436 253437 253438 253439 253440 253441 253442 253443 253444 253445 253446 253447 253448 253449 253450 253451 253452 253453 253454 253455 253456 253457 253458 253459 253460 253461 253462 253463 253464 253465 253466 253467 253468 253469 253470 253471 253472
-9999 -9999 -9999 -9999 -9999 -9999 -9999 -9999 -9999 -9999 -9999 254112 254113 254114 254115 254116 254117 254118 254119 254120 254121 254122 254123 254124 254125 254126 254127 254128 254129 254130 254131 254132 254133 254134 254135 254136 254137 254138 254139 254140 254141 254142 254143 254144 254145 254146 254147 254148 254149 254150 254151 254152 254153 254154 254155 254156 254157 254158 254159 254160 254161 254162 254163 254164 254165 254166 254167 254168 254169 254170 254171 254172
-9999 -9999 -9999 -9999 -9999 -9999 -9999 -9999 -9999 254810 254811 254812 254813 254814 254815 254816 254817 254818 254819 254820 254821 254822 254823 254824 254825 254826 254827 254828 254829 254830 254831 254832 254833 254834 254835 254836 254837 254838 254839 254840 254841 254842 254843 254844 254845 254846 254847 254848 254849 254850 254851 254852 254853 254854 254855 254856 254857 254858 254859 254860 254861 254862 254863 254864 254865 254866 254867 254868 254869 254870 254871 254872
-9999 -9999 -9999 -9999 -9999 -9999 -9999 -9999 -9999 255510 255511 255512 255513 255514 255515 255516 255517 255518 255519 255520 255521 255522 255523 255524 255525 255526 255527 255528 255529 255530 255531 255532 255533 255534 255535 255536 255537 255538 255539 255540 255541 255542 255543 255544 255545 255546 255547 255548 255549 255550 255551 255552 255553 255554 255555 255556 255557 255558 255559 255560 255561 255562 255563 255564 255565 255566 255567 255568 255569 255570 255571 255572
-9999 -9999 -9999 -9999 -9999 -9999 -9999 -9999 -9999 -9999 -9999 -9999 -9999 256214 256215 256216 256217 256218 256219 256220 256221 256222 256223 256224 256225 256226 256227 256228 256229 256230 256231 256232 256233 256234 256235 256236 256237 256238 256239 256240 256241 256242 256243 256244 256245 256246 256247 256248 256249 256250 256251 256252 256253 256254 256255 256256 256257 256258 256259 256260 256261 256262 256263 256264 256265 256266 256267 256268 256269 256270 256271 256272
-9999 -9999 -9999 -9999 -9999 -9999 -9999 -9999 -9999 -9999 -9999 -9999 -9999 -9999 -9999 256916 256917 256918 256919 256920 256921 256922 256923 256924 256925 256926 256927 256928 256929 256930 256931 256932 256933 256934 256935 256936 256937 256938 256939 256940 256941 256942 256943 256944 256945 256946 256947 256948 256949 256950 256951 256952 256953 256954 256955 256956 256957 256958 256959 256960 256961 256962 256963 256964 256965 256966 256967 256968 256969 256970 256971 256972
-9999 -9999 -9999 -9999 -9999 -9999 -9999 -9999 -9999 -9999 -9999 -9999 -9999 -9999 -9999 257616 257617 257618 257619 257620 257621 257622 257623 257624 257625 257626 257627 257628 257629 257630 257631 257632 257633 257634 257635 257636 257637 257638 257639 257640 257641 257642 257643 257644 257645 257646 257647 257648 257649 257650 257651 257652 257653 257654 257655 257656 257657 257658 257659 257660 257661 257662 257663 257664 257665 257666 257667 257668 257669 257670 257671 257672
-9999 -9999 -9999 -9999 -9999 -9999 -9999 -9999 -9999 -9999 -9999 -9999 -9999 -9999 258315 258316 258317 258318 258319 258320 258321 258322 258323 258324 258325 258326 258327 258328 258329 258330 258331 258332 258333 258334 258335 258336 258337 258338 258339 258340 258341 258342 258343 258344 258345 258346 258347 258348 258349 258350 258351 258352 258353 258354 258355 258356 258357 258358 258359 258360 258361 258362 258363 258364 258365 258366 258367 258368 258369 258370 258371 258372
-9999 -9999 -9999 -9999 -9999 -9999 -9999 -9999 -9999 -9999 -9999 -9999 -9999 -9999 -9999 259016 259017 259018 259019 259020 259021 259022 259023 259024 259025 259026 259027 259028 259029 259030 259031 259032 259033 259034 259035 259036 259037 259038 259039 259040 259041 259042 259043 259044 259045 259046 259047 259048 259049 259050 259051 259052 259053 259054 259055 259056 259057 259058 259059 259060 259061 259062 259063 259064 259065 259066 259067 259068 259069 259070 259071 259072
-9999 -9999 -9999 -9999 -9999 -9999 -9999 -9999 -9999 -9999 -9999 -9999 -9999 -9999 -9999 259716 259717 259718 259719 259720 259721 259722 259723 259724 259725 259726 259727 259728 259729 259730 259731 259732 259733 259734 259735 259736 259737 259738 259739 259740 259741 259742 259743 259744 259745 259746 259747 259748 259749 259750 259751 259752 259753 259754 259755 259756 259757 259758 259759 259760 259761 259762 259763 259764 259765 259766 259767 259768 259769 259770 259771 259772
-9999 -9999 -9999 -9999 -9999 -9999 -9999 -9999 -9999 -9999 -9999 -9999 -9999 -9999 260415 260416 260417 260418 260419 260420 260421 260422 260423 260424 260425 260426 260427 260428 260429 260430 260431 260432 260433 260434 260435 260436 260437 260438 260439 260440 260441 260442 260443 260444 260445 260446 260447 260448 260449 260450 260451 260452 260453 260454 260455 260456 260457 260458 260459 260460 260461 260462 260463 260464 260465 260466 260467 260468 260469 260470 260471 260472
-9999 -9999 -9999 -9999 -9999 -9999 -9999 -9999 -9999 -9999 -9999 -9999 -9999 -9999 -9999 261116 261117 261118 261119 261120 261121 261122 261123 261124 261125 261126 261127 261128 261129 261130 261131 261132 261133 261134 261135 261136 261137 261138 261139 261140 261141 261142 261143 261144 261145 261146 261147 261148 261149 261150 261151 261152 261153 261154 261155 261156 261157 261158 261159 261160 261161 261162 261163 261164 261165 261166 261167 261168 261169 261170 261171 261172
-9999 -9999 -9999 -9999 -9999 -9999 -9999 -9999 -9999 -9999 -9999 -9999 -9999 -9999 -9999 -9999 -9999 -9999 261819 261820 261821 261822 261823 261824 261825 261826 261827 261828 261829 261830 261831 261832 261833 261834 261835 261836 261837 261838 261839 261840 261841 261842 261843 261844 261845 261846 261847 261848 261849 261850 261851 261852 261853 261854 261855 261856 261857 261858 261859 261860 261861 261862 261863 261864 261865 261866 261867 261868 261869 261870 261871 261872
-9999 -9999 -9999 -9999 -9999 -9999 -9999 -9999 -9999 -9999 -9999 -9999 -9999 -9999 -9999 -9999 -9999 -9999 -9999 262520 262521 262522 262523 262524 262525 262526 262527 262528 262529 262530 262531 262532 262533 262534 262535 262536 262537 262538 262539 262540 262541 262542 262543 262544 262545 262546 262547 262548 262549 262550 262551 262552 262553 262554 262555 262556 262557 262558 262559 262560 262561 262562 262563 262564 262565 262566 262567 262568 262569 262570 262571 262572
-9999 -9999 -9999 -9999 -9999 -9999 -9999 -9999 -9999 -9999 -9999 -9999 -9999 -9999 -9999 -9999 -9999 -9999 -9999 263220 263221 263222 263223 263224 263225 263226 263227 263228 263229 263230 263231 263232 263233 263234 263235 263236 263237 263238 263239 263240 263241 263242 263243 263244 263245 263246 263247 263248 263249 263250 263251 263252 263253 263254 263255 263256 263257 263258 263259 263260 263261 263262 263263 263264 263265 263266 263267 263268 263269 263270 263271 263272
-9999 -9999 -9999 -9999 -9999 -9999 -9999 -9999 -9999 -9999 -9999 -9999 -9999 -9999 -9999 -9999 -9999 -9999 -9999 263920 263921 263922 263923 263924 263925 263926 263927 263928 263929 263930 263931 263932 263933 263934 263935 263936 263937 263938 263939 263940 263941 263942 263943 263944 263945 263946 263947 263948 263949 263950 263951 263952 263953 263954 263955 263956 263957 263958 263959 263960 263961 263962 263963 263964 263965 263966 263967 263968 263969 263970 263971 263972
