asc_grids/soil-profile-id_nrw_gk3.asc
ncols        250
nrows        241
xllcorner    3280414.8
yllcorner    5580500.5
cellsize     1000.0
NODATA_value  -9999
[rows 160 to 191 of 241, columns 0 to 71 of 250]
-9999 309402 309403 309404 -9999 -9999 -9999 309408 309409 309410 309411 309412 309413 309414 309415 309416 309417 309418 309419 309420 309421 309422 309423 309424 309425 309426 309427 309428 309429 309430 309431 309432 309433 309434 309435 309436 309437 309438 309439 309440 309441 309442 309443 309444 309445 309446 309447 309448 309449 309450 309451 309452 309453 309454 309455 309456 309457 309458 309459 309460 309461 309462 309463 309464 309465 309466 309467 309468 309469 309470 309471 309472
-9999 310102 310103 310104 310105 -9999 -9999 310108 310109 310110 310111 310112 310113 310114 310115 310116 310117 310118 310119 310120 310121 310122 310123 310124 310125 310126 310127 310128 310129 310130 310131 310132 310133 310134 310135 310136 310137 310138 310139 310140 310141 310142 310143 310144 310145 310146 310147 310148 310149 310150 310151 310152 310153 310154 310155 310156 310157 310158 310159 310160 310161 310162 310163 310164 310165 310166 310167 310168 310169 310170 310171 310172
310801 310802 310803 310804 310805 310806 310807 310808 310809 310810 310811 310812 310813 310814 310815 310816 310817 310818 310819 310820 310821 310822 310823 310824 310825 310826 310827 310828 310829 310830 310831 310832 310833 310834 310835 310836 310837 310838 310839 310840 310841 310842 310843 310844 310845 310846 310847 310848 310849 310850 310851 310852 310853 310854 310855 310856 310857 310858 310859 310860 310861 310862 310863 310864 310865 310866 310867 310868 310869 310870 310871 310872
-9999 311502 311503 311504 311505 311506 311507 311508 311509 311510 311511 311512 311513 311514 311515 311516 311517 311518 311519 311520 311521 311522 311523 311524 311525 311526 311527 311528 311529 311530 311531 311532 311533 311534 311535 311536 311537 311538 311539 311540 311541 311542 311543 311544 311545 311546 311547 311548 311549 311550 311551 311552 311553 311554 311555 311556 311557 311558 311559 311560 311561 311562 311563 311564 311565 311566 311567 311568 311569 311570 311571 311572
-9999 -9999 312203 312204 312205 312206 312207 312208 312209 312210 312211 312212 312213 312214 312215 312216 312217 312218 312219 312220 312221 312222 312223 312224 312225 312226 312227 312228 312229 312230 312231 312232 312233 312234 312235 312236 312237 312238 312239 312240 312241 312242 312243 312244 312245 312246 312247 312248 312249 312250 312251 312252 312253 312254 312255 312256 312257 312258 312259 312260 312261 312262 312263 312264 312265 312266 312267 312268 312269 312270 312271 312272
-9999 -9999 312903 312904 312905 312906 312907 312908 312909 312910 312911 312912 312913 312914 312915 312916 312917 312918 312919 312920 312921 312922 312923 312924 312925 312926 312927 312928 312929 312930 312931 312932 312933 312934 312935 312936 312937 312938 312939 312940 312941 312942 312943 312944 312945 312946 312947 312948 312949 312950 312951 312952 312953 312954 312955 312956 312957 312958 312959 312960 312961 312962 312963 312964 312965 312966 312967 312968 312969 312970 312971 312972
-9999 -9999 313603 313604 313605 313606 313607 313608 313609 313610 313611 313612 313613 313614 313615 313616 313617 313618 313619 313620 313621 313622 313623 313624 313625 313626 313627 313628 313629 313630 313631 313632 313633 313634 313635 313636 313637 313638 313639 313640 313641 313642 313643 313644 313645 313646 313647 313648 313649 313650 313651 313652 313653 313654 313655 313656 313657 313658 313659 313660 313661 313662 313663 313664 313665 313666 313667 313668 313669 313670 313671 313672
-9999 -9999 -9999 314304 314305 314306 314307 314308 314309 314310 314311 314312 314313 314314 314315 314316 314317 314318 314319 314320 314321 314322 314323 314324 314325 314326 314327 314328 314329 314330 314331 314332 314333 314334 314335 314336 314337 314338 314339 314340 314341 314342 314343 314344 314345 314346 314347 314348 314349 314350 314351 314352 314353 314354 314355 314356 314357 314358 314359 314360 314361 314362 314363 314364 314365 314366 314367 314368 314369 314370 314371 314372
-9999 -9999 -9999 -9999 -9999 -9999 -9999 -9999 -9999 315010 315011 315012 315013 315014 315015 315016 315017 315018 315019 315020 315021 315022 315023 315024 315025 315026 315027 315028 315029 315030 315031 315032 315033 315034 315035 315036 315037 315038 315039 315040 315041 315042 315043 315044 315045 315046 315047 315048 315049 315050 315051 315052 315053 315054 315055 315056 315057 315058 315059 315060 315061 315062 315063 315064 315065 315066 315067 315068 315069 315070 315071 315072
-9999 -9999 -9999 -9999 -9999 -9999 -9999 -9999 -9999 315710 315711 315712 315713 315714 315715 315716 315717 315718 315719 315720 315721 315722 315723 315724 315725 315726 315727 315728 315729 315730 315731 315732 315733 315734 315735 315736 315737 315738 315739 315740 315741 315742 315743 315744 315745 315746 315747 315748 315749 315750 315751 315752 315753 315754 315755 315756 315757 315758 315759 315760 315761 315762 315763 315764 315765 315766 315767 315768 315769 315770 315771 315772
-9999 -9999 -9999 -9999 -9999 -9999 -9999 -9999 316409 316410 316411 316412 316413 316414 316415 316416 316417 316418 316419 316420 316421 316422 316423 316424 316425 316426 316427 316428 316429 316430 316431 316432 316433 316434 316435 316436 316437 316438 316439 316440 316441 316442 316443 316444 316445 316446 316447 316448 316449 316450 316451 316452 316453 316454 316455 316456 316457 316458 316459 316460 316461 316462 316463 316464 316465 316466 316467 316468 316469 316470 316471 316472
-9999 -9999 -9999 -9999 -9999 -9999 -9999 -9999 -9999 317110 317111 317112 317113 317114 317115 317116 317117 317118 317119 317120 317121 317122 317123 317124 317125 317126 317127 317128 317129 317130 317131 317132 317133 317134 317135 317136 317137 317138 317139 317140 317141 317142 317143 317144 317145 317146 317147 317148 317149 317150 317151 317152 317153 317154 317155 317156 317157 317158 317159 317160 317161 317162 317163 317164 317165 317166 317167 317168 317169 317170 317171 317172
-9999 -9999 -9999 -9999 -9999 -9999 -9999 -9999 -9999 317810 317811 317812 317813 317814 317815 317816 317817 317818 317819 317820 317821 317822 317823 317824 317825 317826 317827 317828 317829 317830 317831 317832 317833 317834 317835 317836 317837 317838 317839 317840 317841 317842 317843 317844 317845 317846 317847 317848 317849 317850 317851 317852 317853 317854 317855 317856 317857 317858 317859 317860 317861 317862 317863 317864 317865 317866 317867 317868 317869 317870 317871 317872
-9999 -9999 -9999 -9999 -9999 -9999 -9999 -9999 -9999 -9999 -9999 318512 318513 318514 318515 318516 318517 318518 318519 318520 318521 318522 318523 318524 318525 318526 318527 318528 318529 318530 318531 318532 318533 318534 318535 318536 318537 318538 318539 318540 318541 318542 318543 318544 318545 318546 318547 318548 318549 318550 318551 318552 318553 318554 318555 318556 318557 318558 318559 318560 318561 318562 318563 318564 318565 318566 318567 318568 318569 318570 318571 318572
-9999 -9999 -9999 -9999 -9999 -9999 -9999 -9999 -9999 -9999 -9999 -9999 319213 319214 319215 319216 319217 319218 319219 319220 319221 319222 319223 319224 319225 319226 319227 319228 319229 319230 319231 319232 319233 319234 319235 319236 319237 319238 319239 319240 319241 319242 319243 319244 319245 319246 319247 319248 319249 319250 319251 319252 319253 319254 319255 319256 319257 319258 319259 319260 319261 319262 319263 319264 319265 319266 319267 319268 319269 319270 319271 319272
-9999 -9999 -9999 -9999 -9999 -9999 -9999 -9999 -9999 -9999 -9999 -9999 -9999 -9999 319915 319916 319917 319918 319919 319920 319921 319922 319923 319924 319925 319926 319927 319928 319929 319930 319931 319932 319933 319934 319935 319936 319937 319938 319939 319940 319941 319942 319943 319944 319945 319946 319947 319948 319949 319950 319951 319952 319953 319954 319955 319956 319957 319958 319959 319960 319961 319962 319963 319964 319965 319966 319967 319968 319969 319970 319971 319972
-9999 -9999 -9999 -9999 -9999 -9999 -9999 -9999 -9999 -9999 -9999 -9999 -9999 -9999 320615 320616 320617 320618 320619 320620 320621 320622 320623 320624 320625 320626 320627 320628 320629 320630 320631 320632 320633 320634 320635 320636 320637 320638 320639 320640 320641 320642 320643 320644 320645 320646 320647 320648 320649 320650 320651 320652 320653 320654 320655 320656 320657 320658 320659 320660 320661 320662 320663 320664 320665 320666 320667 320668 320669 320670 320671 320672
-9999 -9999 -9999 -9999 -9999 -9999 -9999 -9999 -9999 -9999 -9999 -9999 -9999 -9999 321315 321316 321317 321318 321319 321320 321321 321322 321323 321324 321325 321326 321327 321328 321329 321330 321331 321332 321333 321334 321335 321336 321337 321338 321339 321340 321341 321342 321343 321344 321345 321346 321347 321348 321349 321350 321351 321352 321353 321354 321355 321356 321357 321358 321359 321360 321361 321362 321363 321364 321365 321366 321367 321368 321369 321370 321371 321372
-9999 -9999 -9999 -9999 -9999 -9999 -9999 -9999 -9999 -9999 -9999 -9999 -9999 -9999 322015 322016 322017 322018 322019 322020 322021 322022 322023 322024 322025 322026 322027 322028 322029 322030 322031 322032 322033 322034 322035 322036 322037 322038 322039 322040 322041 322042 322043 322044 322045 322046 322047 322048 322049 322050 322051 322052 322053 322054 322055 322056 322057 322058 322059 322060 322061 322062 322063 322064 322065 322066 322067 322068 322069 322070 322071 322072
-9999 -9999 -9999 -9999 -9999 -9999 -9999 -9999 -9999 -9999 -9999 -9999 -9999 -9999 -9999 322716 322717 322718 322719 322720 322721 322722 322723 322724 322725 322726 322727 322728 322729 322730 322731 322732 322733 322734 322735 322736 322737 322738 322739 322740 322741 322742 322743 322744 322745 322746 322747 322748 322749 322750 322751 322752 322753 322754 322755 322756 322757 322758 322759 322760 322761 322762 322763 322764 322765 322766 322767 322768 322769 322770 322771 322772
-9999 -9999 -9999 -9999 -9999 -9999 -9999 -9999 -9999 -9999 -9999 -9999 -9999 -9999 -9999 323416 323417 323418 323419 323420 323421 323422 323423 323424 323425 323426 323427 323428 323429 323430 323431 323432 323433 323434 323435 323436 323437 323438 323439 323440 323441 323442 323443 323444 323445 323446 323447 323448 323449 323450 323451 323452 323453 323454 323455 323456 323457 323458 323459 323460 323461 323462 323463 323464 323465 323466 323467 323468 323469 323470 323471 323472
-9999 -9999 -9999 -9999 -9999 -9999 -9999 -9999 -9999 -9999 -9999 -9999 -9999 -9999 324115 324116 324117 324118 324119 324120 324121 324122 324123 324124 324125 324126 324127 324128 324129 324130 324131 324132 324133 324134 324135 324136 324137 324138 324139 324140 324141 324142 324143 324144 324145 324146 324147 324148 324149 324150 324151 324152 324153 324154 324155 324156 324157 324158 324159 324160 324161 324162 324163 324164 324165 324166 324167 324168 324169 324170 324171 324172
-9999 -9999 -9999 -9999 -9999 -9999 -9999 -9999 -9999 -9999 -9999 324812 324813 324814 324815 324816 324817 324818 324819 324820 324821 324822 324823 324824 324825 324826 324827 324828 324829 324830 324831 324832 324833 324834 324835 324836 324837 324838 324839 324840 324841 324842 324843 324844 324845 324846 324847 324848 324849 324850 324851 324852 324853 324854 324855 324856 324857 324858 324859 324860 324861 324862 324863 324864 324865 324866 324867 324868 324869 324870 324871 324872
-9999 -9999 -9999 -9999 -9999 -9999 -9999 -9999 -9999 -9999 325511 325512 325513 325514 325515 325516 325517 325518 325519 325520 325521 325522 325523 325524 325525 325526 325527 325528 325529 325530 325531 325532 325533 325534 325535 325536 325537 325538 325539 325540 325541 325542 325543 325544 325545 325546 325547 325548 325549 325550 325551 325552 325553 325554 325555 325556 325557 325558 325559 325560 325561 325562 325563 325564 325565 325566 325567 325568 325569 325570 325571 325572
-9999 -9999 -9999 -9999 -9999 -9999 -9999 -9999 -9999 -9999 326211 326212 326213 326214 326215 326216 326217 326218 326219 326220 326221 326222 326223 326224 326225 326226 326227 326228 326229 326230 326231 326232 326233 326234 326235 326236 326237 326238 326239 326240 326241 326242 326243 326244 326245 326246 326247 326248 326249 326250 326251 326252 326253 326254 326255 326256 326257 326258 326259 326260 326261 326262 326263 326264 326265 326266 326267 326268 326269 326270 326271 326272
-9999 -9999 -9999 -9999 -9999 -9999 -9999 -9999 -9999 -9999 326911 326912 326913 326914 326915 326916 326917 326918 326919 326920 326921 326922 326923 326924 326925 326926 326927 326928 326929 326930 326931 326932 326933 326934 326935 326936 326937 326938 326939 326940 326941 326942 326943 326944 326945 326946 326947 326948 326949 326950 326951 326952 326953 326954 326955 326956 326957 326958 326959 326960 326961 326962 326963 326964 326965 326966 326967 326968 326969 326970 326971 326972
-9999 -9999 -9999 -9999 -9999 -9999 -9999 -9999 -9999 -9999 327611 327612 327613 327614 327615 327616 327617 327618 327619 327620 327621 327622 327623 327624 327625 327626 327627 327628 327629 327630 327631 327632 327633 327634 327635 327636 327637 327638 327639 327640 327641 327642 327643 327644 327645 327646 327647 327648 327649 327650 327651 327652 327653 327654 327655 327656 327657 327658 327659 327660 327661 327662 327663 327664 327665 327666 327667 327668 327669 327670 327671 327672
-9999 -9999 -9999 -9999 -9999 -9999 -9999 328308 328309 328310 328311 328312 328313 328314 328315 328316 328317 328318 328319 328320 328321 328322 328323 328324 328325 328326 328327 328328 328329 328330 328331 328332 328333 328334 328335 328336 328337 328338 328339 328340 328341 328342 328343 328344 328345 328346 328347 328348 328349 328350 328351 328352 328353 328354 328355 328356 328357 328358 328359 328360 328361 328362 328363 328364 328365 328366 328367 328368 328369 328370 328371 328372
-9999 -9999 -9999 -9999 -9999 -9999 329007 329008 329009 329010 329011 329012 329013 329014 329015 329016 329017 329018 329019 329020 329021 329022 329023 329024 329025 329026 329027 329028 329029 329030 329031 329032 329033 329034 329035 329036 329037 329038 329039 329040 329041 329042 329043 329044 329045 329046 329047 329048 329049 329050 329051 329052 329053 329054 329055 329056 329057 329058 329059 329060 329061 329062 329063 329064 329065 329066 329067 329068 329069 329070 329071 329072
-9999 -9999 -9999 -9999 -9999 -9999 -9999 329708 329709 329710 329711 329712 329713 329714 329715 329716 329717 329718 329719 329720 329721 329722 329723 329724 329725 329726 329727 329728 329729 329730 329731 329732 329733 329734 329735 329736 329737 329738 329739 329740 329741 329742 329743 329744 329745 329746 329747 329748 329749 329750 329751 329752 329753 329754 329755 329756 329757 329758 329759 329760 329761 329762 329763 329764 329765 329766 329767 329768 329769 329770 329771 329772
-9999 -9999 -9999 -9999 -9999 -9999 -9999 -9999 -9999 330410 330411 330412 330413 330414 330415 330416 330417 330418 330419 330420 330421 330422 330423 330424 330425 330426 330427 330428 330429 330430 330431 330432 330433 330434 330435 330436 330437 330438 330439 330440 330441 330442 330443 330444 330445 330446 330447 330448 330449 330450 330451 330452 330453 330454 330455 330456 330457 330458 330459 330460 330461 330462 330463 330464 330465 330466 330467 330468 330469 330470 330471 330472
-9999 -9999 -9999 -9999 -9999 -9999 -9999 -9999 -9999 331110 331111 331112 331113 331114 331115 331116 331117 331118 331119 331120 331121 331122 331123 331124 331125 331126 331127 331128 331129 331130 331131 331132 331133 331134 331135 331136 331137 331138 331139 331140 331141 331142 331143 331144 331145 331146 331147 331148 331149 331150 331151 331152 331153 331154 331155 331156 331157 331158 331159 331160 331161 331162 331163 331164 331165 331166 331167 331168 331169 331170 331171 331172
