asc_grids/soil-profile-id_nrw_gk3.asc
ncols        250
nrows        241
xllcorner    3280414.8
yllcorner    5580500.5
cellsize     1000.0
NODATA_value  -9999
[rows 32 to 63 of 241, columns 72 to 143 of 250]
-9999 -9999 -9999 -9999 -9999 -9999 -9999 -9999 -9999 -9999 219883 219884 219885 219886 219887 219888 219889 219890 219891 219892 219893 219894 219895 219896 219897 219898 219899 219900 219901 219902 219903 219904 219905 219906 219907 219908 219909 219910 219911 219912 219913 219914 219915 219916 219917 219918 219919 219920 219921 219922 219923 219924 219925 219926 219927 219928 219929 219930 219931 219932 219933 219934 219935 219936 219937 219938 219939 219940 219941 219942 219943 219944
-9999 -9999 -9999 -9999 -9999 -9999 -9999 -9999 -9999 220582 220583 220584 220585 220586 220587 220588 220589 220590 220591 220592 220593 220594 220595 220596 220597 220598 220599 220600 220601 220602 220603 220604 220605 220606 220607 220608 220609 220610 220611 220612 220613 220614 220615 220616 220617 220618 220619 220620 220621 220622 220623 220624 220625 220626 220627 220628 220629 220630 220631 220632 220633 220634 220635 220636 220637 220638 220639 220640 220641 220642 220643 220644
-9999 -9999 -9999 -9999 -9999 -9999 -9999 -9999 221281 221282 221283 221284 221285 221286 221287 221288 221289 221290 221291 221292 221293 221294 221295 221296 221297 221298 221299 221300 221301 221302 221303 221304 221305 221306 221307 221308 221309 221310 221311 221312 221313 221314 221315 221316 221317 221318 221319 221320 221321 221322 221323 221324 221325 221326 221327 221328 221329 221330 221331 221332 221333 221334 221335 221336 221337 221338 221339 221340 221341 221342 221343 221344
-9999 -9999 -9999 -9999 -9999 -9999 -9999 -9999 221981 221982 221983 221984 221985 221986 221987 221988 221989 221990 221991 221992 221993 221994 221995 221996 221997 221998 221999 222000 222001 222002 222003 222004 222005 222006 222007 222008 222009 222010 222011 222012 222013 222014 222015 222016 222017 222018 222019 222020 222021 222022 222023 222024 222025 222026 222027 222028 222029 222030 222031 222032 222033 222034 222035 222036 222037 222038 222039 222040 222041 222042 222043 222044
-9999 -9999 -9999 -9999 -9999 222678 222679 222680 222681 222682 222683 222684 222685 222686 222687 222688 222689 222690 222691 222692 222693 222694 222695 222696 222697 222698 222699 222700 222701 222702 222703 222704 222705 222706 222707 222708 222709 222710 222711 222712 222713 222714 222715 222716 222717 222718 222719 222720 222721 222722 222723 222724 222725 222726 222727 222728 222729 222730 222731 222732 222733 222734 222735 222736 222737 222738 222739 222740 222741 222742 222743 222744
-9999 -9999 -9999 -9999 223377 223378 223379 223380 223381 223382 223383 223384 223385 223386 223387 223388 223389 223390 223391 223392 223393 223394 223395 223396 223397 223398 223399 223400 223401 223402 223403 223404 223405 223406 223407 223408 223409 223410 223411 223412 223413 223414 223415 223416 223417 223418 223419 223420 223421 223422 223423 223424 223425 223426 223427 223428 223429 223430 223431 223432 223433 223434 223435 223436 223437 223438 223439 223440 223441 223442 223443 223444
-9999 -9999 -9999 224076 224077 224078 224079 224080 224081 224082 224083 224084 224085 224086 224087 224088 224089 224090 224091 224092 224093 224094 224095 224096 224097 224098 224099 224100 224101 224102 224103 224104 224105 224106 224107 224108 224109 224110 224111 224112 224113 224114 224115 224116 224117 224118 224119 224120 224121 224122 224123 224124 224125 224126 224127 224128 224129 224130 224131 224132 224133 224134 224135 224136 224137 224138 224139 224140 224141 224142 224143 224144
-9999 -9999 -9999 224776 224777 224778 224779 224780 224781 224782 224783 224784 224785 224786 224787 224788 224789 224790 224791 224792 224793 224794 224795 224796 224797 224798 224799 224800 224801 224802 224803 224804 224805 224806 224807 224808 224809 224810 224811 224812 224813 224814 224815 224816 224817 224818 224819 224820 224821 224822 224823 224824 224825 224826 224827 224828 224829 224830 224831 224832 224833 224834 224835 224836 224837 224838 224839 224840 224841 224842 224843 224844
-9999 -9999 -9999 225476 225477 225478 225479 225480 225481 225482 225483 225484 225485 225486 225487 225488 225489 225490 225491 225492 225493 225494 225495 225496 225497 225498 225499 225500 225501 225502 225503 225504 225505 225506 225507 225508 225509 225510 225511 225512 225513 225514 225515 225516 225517 225518 225519 225520 225521 225522 225523 225524 225525 225526 225527 225528 225529 225530 225531 225532 225533 225534 225535 225536 225537 225538 225539 225540 225541 225542 225543 225544
-9999 -9999 226175 226176 226177 226178 226179 226180 226181 226182 226183 226184 226185 226186 226187 226188 226189 226190 226191 226192 226193 226194 226195 226196 226197 226198 226199 226200 226201 226202 226203 226204 226205 226206 226207 226208 226209 226210 226211 226212 226213 226214 226215 226216 226217 226218 226219 226220 226221 226222 226223 226224 226225 226226 226227 226228 226229 226230 226231 226232 226233 226234 226235 226236 226237 226238 226239 226240 226241 226242 226243 226244
-9999 226874 226875 226876 226877 226878 226879 226880 226881 226882 226883 226884 226885 226886 226887 226888 226889 226890 226891 226892 226893 226894 226895 226896 226897 226898 226899 226900 226901 226902 226903 226904 226905 226906 226907 226908 226909 226910 226911 226912 226913 226914 226915 226916 226917 226918 226919 226920 226921 226922 226923 226924 226925 226926 226927 226928 226929 226930 226931 226932 226933 226934 226935 226936 226937 226938 226939 226940 226941 226942 226943 226944
227573 227574 227575 227576 227577 227578 227579 227580 227581 227582 227583 227584 227585 227586 227587 227588 227589 227590 227591 227592 227593 227594 227595 227596 227597 227598 227599 227600 227601 227602 227603 227604 227605 227606 227607 227608 227609 227610 227611 227612 227613 227614 227615 227616 227617 227618 227619 227620 227621 227622 227623 227624 227625 227626 227627 227628 227629 227630 227631 227632 227633 227634 227635 227636 227637 227638 227639 227640 227641 227642 227643 227644
228273 228274 228275 228276 228277 228278 228279 228280 228281 228282 228283 228284 228285 228286 228287 228288 228289 228290 228291 228292 228293 228294 228295 228296 228297 228298 228299 228300 228301 228302 228303 228304 228305 228306 228307 228308 228309 228310 228311 228312 228313 228314 228315 228316 228317 228318 228319 228320 228321 228322 228323 228324 228325 228326 228327 228328 228329 228330 228331 228332 228333 228334 228335 228336 228337 228338 228339 228340 228341 228342 228343 228344
228973 228974 228975 228976 228977 228978 228979 228980 228981 228982 228983 228984 228985 228986 228987 228988 228989 228990 228991 228992 228993 228994 228995 228996 228997 228998 228999 229000 229001 229002 229003 229004 229005 229006 229007 229008 229009 229010 229011 229012 229013 229014 229015 229016 229017 229018 229019 229020 229021 229022 229023 229024 229025 229026 229027 229028 229029 229030 229031 229032 229033 229034 229035 229036 229037 229038 229039 229040 229041 229042 229043 229044
229673 229674 229675 229676 229677 229678 229679 229680 229681 229682 229683 229684 229685 229686 229687 229688 229689 229690 229691 229692 229693 229694 229695 229696 229697 229698 229699 229700 229701 229702 229703 229704 229705 229706 229707 229708 229709 229710 229711 229712 229713 229714 229715 229716 229717 229718 229719 229720 229721 229722 229723 229724 229725 229726 229727 229728 229729 229730 229731 229732 229733 229734 229735 229736 229737 229738 229739 229740 229741 229742 229743 229744
230373 230374 230375 230376 230377 230378 230379 230380 230381 230382 230383 230384 230385 230386 230387 230388 230389 230390 230391 230392 230393 230394 230395 230396 230397 230398 230399 230400 230401 230402 230403 230404 230405 230406 230407 230408 230409 230410 230411 230412 230413 230414 230415 230416 230417 230418 230419 230420 230421 230422 230423 230424 230425 230426 230427 230428 230429 230430 230431 230432 230433 230434 230435 230436 230437 230438 230439 230440 230441 230442 230443 230444
231073 231074 231075 231076 231077 231078 231079 231080 231081 231082 231083 231084 231085 231086 231087 231088 231089 231090 231091 231092 231093 231094 231095 231096 231097 231098 231099 231100 231101 231102 231103 231104 231105 231106 231107 231108 231109 231110 231111 231112 231113 231114 231115 231116 231117 231118 231119 231120 231121 231122 231123 231124 231125 231126 231127 231128 231129 231130 231131 231132 231133 231134 231135 231136 231137 231138 231139 231140 231141 231142 231143 231144
231773 231774 231775 231776 231777 231778 231779 231780 231781 231782 231783 231784 231785 231786 231787 231788 231789 231790 231791 231792 231793 231794 231795 231796 231797 231798 231799 231800 231801 231802 231803 231804 231805 231806 231807 231808 231809 231810 231811 231812 231813 231814 231815 231816 231817 231818 231819 231820 231821 231822 231823 231824 231825 231826 231827 231828 231829 231830 231831 231832 231833 231834 231835 231836 231837 231838 231839 231840 231841 231842 231843 231844
232473 232474 232475 232476 232477 232478 232479 232480 232481 232482 232483 232484 232485 232486 232487 232488 232489 232490 232491 232492 232493 232494 232495 232496 232497 232498 232499 232500 232501 232502 232503 232504 232505 232506 232507 232508 232509 232510 232511 232512 232513 232514 232515 232516 232517 232518 232519 232520 232521 232522 232523 232524 232525 232526 232527 232528 232529 232530 232531 232532 232533 232534 232535 232536 232537 232538 232539 232540 232541 232542 232543 232544
233173 233174 233175 233176 233177 233178 233179 233180 233181 233182 233183 233184 233185 233186 233187 233188 233189 233190 233191 233192 233193 233194 233195 233196 233197 233198 233199 233200 233201 233202 233203 233204 233205 233206 233207 233208 233209 233210 233211 233212 233213 233214 233215 233216 233217 233218 233219 233220 233221 233222 233223 233224 233225 233226 233227 233228 233229 233230 233231 233232 233233 233234 233235 233236 233237 233238 233239 233240 233241 233242 233243 233244
233873 233874 233875 233876 233877 233878 233879 233880 233881 233882 233883 233884 233885 233886 233887 233888 233889 233890 233891 233892 233893 233894 233895 233896 233897 233898 233899 233900 233901 233902 233903 233904 233905 233906 233907 233908 233909 233910 233911 233912 233913 233914 233915 233916 233917 233918 233919 233920 233921 233922 233923 233924 233925 233926 233927 233928 233929 233930 233931 233932 233933 233934 233935 233936 233937 233938 233939 233940 233941 233942 233943 233944
234573 234574 234575 234576 234577 234578 234579 234580 234581 234582 234583 234584 234585 234586 234587 234588 234589 234590 234591 234592 234593 234594 234595 234596 234597 234598 234599 234600 234601 234602 234603 234604 234605 234606 234607 234608 234609 234610 234611 234612 234613 234614 234615 234616 234617 234618 234619 234620 234621 234622 234623 234624 234625 234626 234627 234628 234629 234630 234631 234632 234633 234634 234635 234636 234637 234638 234639 234640 234641 234642 234643 234644
235273 235274 235275 235276 235277 235278 235279 235280 235281 235282 235283 235284 235285 235286 235287 235288 235289 235290 235291 235292 235293 235294 235295 235296 235297 235298 235299 235300 235301 235302 235303 235304 235305 235306 235307 235308 235309 235310 235311 235312 235313 235314 235315 235316 235317 235318 235319 235320 235321 235322 235323 235324 235325 235326 235327 235328 235329 235330 235331 235332 235333 235334 235335 235336 235337 235338 235339 235340 235341 235342 235343 235344
235973 235974 235975 235976 235977 235978 235979 235980 235981 235982 235983 235984 235985 235986 235987 235988 235989 235990 235991 235992 235993 235994 235995 235996 235997 235998 235999 236000 236001 236002 236003 236004 236005 236006 236007 236008 236009 236010 236011 236012 236013 236014 236015 236016 236017 236018 236019 236020 236021 236022 236023 236024 236025 236026 236027 236028 236029 236030 236031 236032 236033 236034 236035 236036 236037 236038 236039 236040 236041 236042 236043 236044
236673 236674 236675 236676 236677 236678 236679 236680 236681 236682 236683 236684 236685 236686 236687 236688 236689 236690 236691 236692 236693 236694 236695 236696 236697 236698 236699 236700 236701 236702 236703 236704 236705 236706 236707 236708 236709 236710 236711 236712 236713 236714 236715 236716 236717 236718 236719 236720 236721 236722 236723 236724 236725 236726 236727 236728 236729 236730 236731 236732 236733 236734 236735 236736 236737 236738 236739 236740 236741 236742 236743 236744
237373 237374 237375 237376 237377 237378 237379 237380 237381 237382 237383 237384 237385 237386 237387 237388 237389 237390 237391 237392 237393 237394 237395 237396 237397 237398 237399 237400 237401 237402 237403 237404 237405 237406 237407 237408 237409 237410 237411 237412 237413 237414 237415 237416 237417 237418 237419 237420 237421 237422 237423 237424 237425 237426 237427 237428 237429 237430 237431 237432 237433 237434 237435 237436 237437 237438 237439 237440 237441 237442 237443 237444
238073 238074 238075 238076 238077 238078 238079 238080 238081 238082 238083 238084 238085 238086 238087 238088 238089 238090 238091 238092 238093 238094 238095 238096 238097 238098 238099 238100 238101 238102 238103 238104 238105 238106 238107 238108 238109 238110 238111 238112 238113 238114 238115 238116 238117 238118 238119 238120 238121 238122 238123 238124 238125 238126 238127 238128 238129 238130 238131 238132 238133 238134 238135 238136 238137 238138 238139 238140 238141 238142 238143 238144
238773 238774 238775 238776 238777 238778 238779 238780 238781 238782 238783 238784 238785 238786 238787 238788 238789 238790 238791 238792 238793 238794 238795 238796 238797 238798 238799 238800 238801 238802 238803 238804 238805 238806 238807 238808 238809 238810 238811 238812 238813 238814 238815 238816 238817 238818 238819 238820 238821 238822 238823 238824 238825 238826 238827 238828 238829 238830 238831 238832 238833 238834 238835 238836 238837 238838 238839 238840 238841 238842 238843 238844
239473 239474 239475 239476 239477 239478 239479 239480 239481 239482 239483 239484 239485 239486 239487 239488 239489 239490 239491 239492 239493 239494 239495 239496 239497 239498 239499 239500 239501 239502 239503 239504 239505 239506 239507 239508 239509 239510 239511 239512 239513 239514 239515 239516 239517 239518 239519 239520 239521 239522 239523 239524 239525 239526 239527 239528 239529 239530 239531 239532 239533 239534 239535 239536 239537 239538 239539 239540 239541 239542 239543 239544
240173 240174 240175 240176 240177 240178 240179 240180 240181 240182 240183 240184 240185 240186 240187 240188 240189 240190 240191 240192 240193 240194 240195 240196 240197 240198 240199 240200 240201 240202 240203 240204 240205 240206 240207 240208 240209 240210 240211 240212 240213 240214 240215 240216 240217 240218 240219 240220 240221 240222 240223 240224 240225 240226 240227 240228 240229 240230 240231 240232 240233 240234 240235 240236 240237 240238 240239 240240 240241 240242 240243 240244
240873 240874 240875 240876 240877 240878 240879 240880 240881 240882 240883 240884 240885 240886 240887 240888 240889 240890 240891 240892 240893 240894 240895 240896 240897 240898 240899 240900 240901 240902 240903 240904 240905 240906 240907 240908 240909 240910 240911 240912 240913 240914 240915 240916 240917 240918 240919 240920 240921 240922 240923 240924 240925 240926 240927 240928 240929 240930 240931 240932 240933 240934 240935 240936 240937 240938 240939 240940 240941 240942 240943 240944
241573 241574 241575 241576 241577 241578 241579 241580 241581 241582 241583 241584 241585 241586 241587 241588 241589 241590 241591 241592 241593 241594 241595 241596 241597 241598 241599 241600 241601 241602 241603 241604 241605 241606 241607 241608 241609 241610 241611 241612 241613 241614 241615 241616 241617 241618 241619 241620 241621 241622 241623 241624 241625 241626 241627 241628 241629 241630 241631 241632 241633 241634 241635 241636 241637 241638 241639 241640 241641 241642 241643 241644
