asc_grids/soil-profile-id_nrw_gk3.asc
ncols        250
nrows        241
xllcorner    3280414.8
yllcorner    5580500.5
cellsize     1000.0
NODATA_value  -9999
[rows 64 to 95 of 241, columns 144 to 215 of 250]
242345 242346 242347 242348 242349 242350 242351 242352 242353 242354 242355 242356 242357 242358 242359 242360 242361 242362 242363 242364 242365 242366 242367 242368 242369 242370 242371 242372 242373 242374 242375 242376 242377 242378 242379 242380 242381 242382 242383 242384 242385 242386 242387 242388 242389 242390 242391 242392 242393 242394 242395 242396 242397 242398 242399 242400 242401 242402 242403 242404 242405 242406 242407 242408 242409 242410 242411 242412 242413 242414 242415 242416
243045 243046 243047 243048 243049 243050 243051 243052 243053 243054 243055 243056 243057 243058 243059 243060 243061 243062 243063 243064 243065 243066 243067 243068 243069 243070 243071 243072 243073 243074 243075 243076 243077 243078 243079 243080 243081 243082 243083 243084 243085 243086 243087 243088 243089 243090 243091 243092 243093 243094 243095 243096 243097 243098 243099 243100 243101 243102 243103 243104 243105 243106 243107 243108 243109 243110 243111 243112 243113 243114 243115 243116
243745 243746 243747 243748 243749 243750 243751 243752 243753 243754 243755 243756 243757 243758 243759 243760 243761 243762 243763 243764 243765 243766 243767 243768 243769 243770 243771 243772 243773 243774 243775 243776 243777 243778 243779 243780 243781 243782 243783 243784 243785 243786 243787 243788 243789 243790 243791 243792 243793 243794 243795 243796 243797 243798 243799 243800 243801 243802 243803 243804 243805 243806 243807 243808 243809 243810 243811 243812 243813 243814 243815 243816
244445 244446 244447 244448 244449 244450 244451 244452 244453 244454 244455 244456 244457 244458 244459 244460 244461 244462 244463 244464 244465 244466 244467 244468 244469 244470 244471 244472 244473 244474 244475 244476 244477 244478 244479 244480 244481 244482 244483 244484 244485 244486 244487 244488 244489 244490 244491 244492 244493 244494 244495 244496 244497 244498 244499 244500 244501 244502 244503 244504 244505 244506 244507 244508 244509 244510 244511 244512 244513 244514 244515 244516
245145 245146 245147 245148 245149 245150 245151 245152 245153 245154 245155 245156 245157 245158 245159 245160 245161 245162 245163 245164 245165 245166 245167 245168 245169 245170 245171 245172 245173 245174 245175 245176 245177 245178 245179 245180 245181 245182 245183 245184 245185 245186 245187 245188 245189 245190 245191 245192 245193 245194 245195 245196 245197 245198 245199 245200 245201 245202 245203 245204 245205 245206 245207 245208 245209 245210 245211 245212 245213 245214 245215 245216
245845 245846 245847 245848 245849 245850 245851 245852 245853 245854 245855 245856 245857 245858 245859 245860 245861 245862 245863 245864 245865 245866 245867 245868 245869 245870 245871 245872 245873 245874 245875 245876 245877 245878 245879 245880 245881 245882 245883 245884 245885 245886 245887 245888 245889 245890 245891 245892 245893 245894 245895 245896 245897 245898 245899 245900 245901 245902 245903 245904 245905 245906 245907 245908 245909 245910 245911 245912 245913 245914 245915 245916
246545 246546 246547 246548 246549 246550 246551 246552 246553 246554 246555 246556 246557 246558 246559 246560 246561 246562 246563 246564 246565 246566 246567 246568 246569 246570 246571 246572 246573 246574 246575 246576 246577 246578 246579 246580 246581 246582 246583 246584 246585 246586 246587 246588 246589 246590 246591 246592 246593 246594 246595 246596 246597 246598 246599 246600 246601 246602 246603 246604 246605 246606 246607 246608 246609 246610 246611 246612 246613 246614 246615 246616
247245 247246 247247 247248 247249 247250 247251 247252 247253 247254 247255 247256 247257 247258 247259 247260 247261 247262 247263 247264 247265 247266 247267 247268 247269 247270 247271 247272 247273 247274 247275 247276 247277 247278 247279 247280 247281 247282 247283 247284 247285 247286 247287 247288 247289 247290 247291 247292 247293 247294 247295 247296 247297 247298 247299 247300 247301 247302 247303 247304 247305 247306 247307 247308 247309 247310 247311 247312 247313 247314 247315 247316
247945 247946 247947 247948 247949 247950 247951 247952 247953 247954 247955 247956 247957 247958 247959 247960 247961 247962 247963 247964 247965 247966 247967 247968 247969 247970 247971 247972 247973 247974 247975 247976 247977 247978 247979 247980 247981 247982 247983 247984 247985 247986 247987 247988 247989 247990 247991 247992 247993 247994 247995 247996 247997 247998 247999 248000 248001 248002 248003 248004 248005 248006 248007 248008 248009 248010 248011 248012 248013 248014 248015 248016
248645 248646 248647 248648 248649 248650 248651 248652 248653 248654 248655 248656 248657 248658 248659 248660 248661 248662 248663 248664 248665 248666 248667 248668 248669 248670 248671 248672 248673 248674 248675 248676 248677 248678 248679 248680 248681 248682 248683 248684 248685 248686 248687 248688 248689 248690 248691 248692 248693 248694 248695 248696 248697 248698 248699 248700 248701 248702 248703 248704 248705 248706 248707 248708 248709 248710 248711 248712 248713 248714 248715 248716
249345 249346 249347 249348 249349 249350 249351 249352 249353 249354 249355 249356 249357 249358 249359 249360 249361 249362 249363 249364 249365 249366 249367 249368 249369 249370 249371 249372 249373 249374 249375 249376 249377 249378 249379 249380 249381 249382 249383 249384 249385 249386 249387 249388 249389 249390 249391 249392 249393 249394 249395 249396 249397 249398 249399 249400 249401 249402 249403 249404 249405 249406 249407 249408 249409 249410 249411 249412 249413 249414 249415 249416
250045 250046 250047 250048 250049 250050 250051 250052 250053 250054 250055 250056 250057 250058 250059 250060 250061 250062 250063 250064 250065 250066 250067 250068 250069 250070 250071 250072 250073 250074 250075 250076 250077 250078 250079 250080 250081 250082 250083 250084 250085 250086 250087 250088 250089 250090 250091 250092 250093 250094 250095 250096 250097 250098 250099 250100 250101 250102 250103 250104 250105 250106 250107 250108 250109 250110 250111 250112 250113 250114 250115 250116
250745 250746 250747 250748 250749 250750 250751 250752 250753 250754 250755 250756 250757 250758 250759 250760 250761 250762 250763 250764 250765 250766 250767 250768 250769 250770 250771 250772 250773 250774 250775 250776 250777 250778 250779 250780 250781 250782 250783 250784 250785 250786 250787 250788 250789 250790 250791 250792 250793 250794 250795 250796 250797 250798 250799 250800 250801 250802 250803 250804 250805 250806 250807 250808 250809 250810 250811 250812 250813 250814 250815 250816
251445 251446 251447 251448 251449 251450 251451 251452 251453 251454 251455 251456 251457 251458 251459 251460 251461 251462 251463 251464 251465 251466 251467 251468 251469 251470 251471 251472 251473 251474 251475 251476 251477 251478 251479 251480 251481 251482 251483 251484 251485 251486 251487 251488 251489 251490 251491 251492 251493 251494 251495 251496 251497 251498 251499 251500 251501 251502 251503 251504 251505 251506 251507 251508 251509 251510 251511 251512 251513 251514 251515 251516
252145 252146 252147 252148 252149 252150 252151 252152 252153 252154 252155 252156 252157 252158 252159 252160 252161 252162 252163 252164 252165 252166 252167 252168 252169 252170 252171 252172 252173 252174 252175 252176 252177 252178 252179 252180 252181 252182 252183 252184 252185 252186 252187 252188 252189 252190 252191 252192 252193 252194 252195 252196 252197 252198 252199 252200 252201 252202 252203 252204 252205 252206 252207 252208 252209 252210 252211 252212 252213 252214 252215 252216
252845 252846 252847 252848 252849 252850 252851 252852 252853 252854 252855 252856 252857 252858 252859 252860 252861 252862 252863 252864 252865 252866 252867 252868 252869 252870 252871 252872 252873 252874 252875 252876 252877 252878 252879 252880 252881 252882 252883 252884 252885 252886 252887 252888 252889 252890 252891 252892 252893 252894 252895 252896 252897 252898 252899 252900 252901 252902 252903 252904 252905 252906 252907 252908 252909 252910 252911 252912 252913 252914 252915 252916
253545 253546 253547 253548 253549 253550 253551 253552 253553 253554 253555 253556 253557 253558 253559 253560 253561 253562 253563 253564 253565 253566 253567 253568 253569 253570 253571 253572 253573 253574 253575 253576 253577 253578 253579 253580 253581 253582 253583 253584 253585 253586 253587 253588 253589 253590 253591 253592 253593 253594 253595 253596 253597 253598 253599 253600 253601 253602 253603 253604 253605 253606 253607 253608 253609 253610 253611 253612 253613 253614 253615 253616
254245 254246 254247 254248 254249 254250 254251 254252 254253 254254 254255 254256 254257 254258 254259 254260 254261 254262 254263 254264 254265 254266 254267 254268 254269 254270 254271 254272 254273 254274 254275 254276 254277 254278 254279 254280 254281 254282 254283 254284 254285 254286 254287 254288 254289 254290 254291 254292 254293 254294 254295 254296 254297 254298 254299 254300 254301 254302 254303 254304 254305 254306 254307 254308 254309 254310 254311 254312 254313 254314 254315 254316
254945 254946 254947 254948 254949 254950 254951 254952 254953 254954 254955 254956 254957 254958 254959 254960 254961 254962 254963 254964 254965 254966 254967 254968 254969 254970 254971 254972 254973 254974 254975 254976 254977 254978 254979 254980 254981 254982 254983 254984 254985 254986 254987 254988 254989 254990 254991 254992 254993 254994 254995 254996 254997 254998 254999 255000 255001 255002 255003 255004 255005 255006 255007 255008 255009 255010 255011 255012 255013 255014 255015 255016
255645 255646 255647 255648 255649 255650 255651 255652 255653 255654 255655 255656 255657 255658 255659 255660 255661 255662 255663 255664 255665 255666 255667 255668 255669 255670 255671 255672 255673 255674 255675 255676 255677 255678 255679 255680 255681 255682 255683 255684 255685 255686 255687 255688 255689 255690 255691 255692 255693 255694 255695 255696 255697 255698 255699 255700 255701 255702 255703 255704 255705 255706 255707 255708 255709 255710 255711 255712 255713 255714 255715 255716
256345 256346 256347 256348 256349 256350 256351 256352 256353 256354 256355 256356 256357 256358 256359 256360 256361 256362 256363 256364 256365 256366 256367 256368 256369 256370 256371 256372 256373 256374 256375 256376 256377 256378 256379 256380 256381 256382 256383 256384 256385 256386 256387 256388 256389 256390 256391 256392 256393 256394 256395 256396 256397 256398 256399 256400 256401 256402 256403 256404 256405 256406 256407 256408 256409 256410 256411 256412 256413 256414 256415 256416
257045 257046 257047 257048 257049 257050 257051 257052 257053 257054 257055 257056 257057 257058 257059 257060 257061 257062 257063 257064 257065 257066 257067 257068 257069 257070 257071 257072 257073 257074 257075 257076 257077 257078 257079 257080 257081 257082 257083 257084 257085 257086 257087 257088 257089 257090 257091 257092 257093 257094 257095 257096 257097 257098 257099 257100 257101 257102 257103 257104 257105 257106 257107 257108 257109 257110 257111 257112 257113 257114 257115 257116
257745 257746 257747 257748 257749 257750 257751 257752 257753 257754 257755 257756 257757 257758 257759 257760 257761 257762 257763 257764 257765 257766 257767 257768 257769 257770 257771 257772 257773 257774 257775 257776 257777 257778 257779 257780 257781 257782 257783 257784 257785 257786 257787 257788 257789 257790 257791 257792 257793 257794 257795 257796 257797 257798 257799 257800 257801 257802 257803 257804 257805 257806 257807 257808 257809 257810 257811 257812 257813 257814 257815 257816
258445 258446 258447 258448 258449 258450 258451 258452 258453 258454 258455 258456 258457 258458 258459 258460 258461 258462 258463 258464 258465 258466 258467 258468 258469 258470 258471 258472 258473 258474 258475 258476 258477 258478 258479 258480 258481 258482 258483 258484 258485 258486 258487 258488 258489 258490 258491 258492 258493 258494 258495 258496 258497 258498 258499 258500 258501 258502 258503 258504 258505 258506 258507 258508 258509 258510 258511 258512 258513 258514 258515 258516
259145 259146 259147 259148 259149 259150 259151 259152 259153 259154 259155 259156 259157 259158 259159 259160 259161 259162 259163 259164 259165 259166 259167 259168 259169 259170 259171 259172 259173 259174 259175 259176 259177 259178 259179 259180 259181 259182 259183 259184 259185 259186 259187 259188 259189 259190 259191 259192 259193 259194 259195 259196 259197 259198 259199 259200 259201 259202 259203 259204 259205 259206 259207 259208 259209 259210 259211 259212 259213 259214 259215 259216
259845 259846 259847 259848 259849 259850 259851 259852 259853 259854 259855 259856 259857 259858 259859 259860 259861 259862 259863 259864 259865 259866 259867 259868 259869 259870 259871 259872 259873 259874 259875 259876 259877 259878 259879 259880 259881 259882 259883 259884 259885 259886 259887 259888 259889 259890 259891 259892 259893 259894 259895 259896 259897 259898 259899 259900 259901 259902 259903 259904 259905 259906 259907 259908 259909 259910 259911 259912 259913 259914 259915 259916
260545 260546 260547 260548 260549 260550 260551 260552 260553 260554 260555 260556 260557 260558 260559 260560 260561 260562 260563 260564 260565 260566 260567 260568 260569 260570 260571 260572 260573 260574 260575 260576 260577 260578 260579 260580 260581 260582 260583 260584 260585 260586 260587 260588 260589 260590 260591 260592 260593 260594 260595 260596 260597 260598 260599 260600 260601 260602 260603 260604 260605 260606 260607 260608 260609 260610 260611 260612 260613 260614 260615 260616
261245 261246 261247 261248 261249 261250 261251 261252 261253 261254 261255 261256 261257 261258 261259 261260 261261 261262 261263 261264 261265 261266 261267 261268 261269 261270 261271 261272 261273 261274 261275 261276 261277 261278 261279 261280 261281 261282 261283 261284 261285 261286 261287 261288 261289 261290 261291 261292 261293 261294 261295 261296 261297 261298 261299 261300 261301 261302 261303 261304 261305 261306 261307 261308 261309 261310 261311 261312 261313 261314 261315 261316
261945 261946 261947 261948 261949 261950 261951 261952 261953 261954 261955 261956 261957 261958 261959 261960 261961 261962 261963 261964 261965 261966 261967 261968 261969 261970 261971 261972 261973 261974 261975 261976 261977 261978 261979 261980 261981 261982 261983 261984 261985 261986 261987 261988 261989 261990 261991 261992 261993 261994 261995 261996 261997 261998 261999 262000 262001 262002 262003 262004 262005 262006 262007 262008 262009 262010 262011 262012 262013 262014 262015 262016
262645 262646 262647 262648 262649 262650 262651 262652 262653 262654 262655 262656 262657 262658 262659 262660 262661 262662 262663 262664 262665 262666 262667 262668 262669 262670 262671 262672 262673 262674 262675 262676 262677 262678 262679 262680 262681 262682 262683 262684 262685 262686 262687 262688 262689 262690 262691 262692 262693 262694 262695 262696 262697 262698 262699 262700 262701 262702 262703 262704 262705 262706 262707 262708 262709 262710 262711 262712 262713 262714 262715 262716
263345 263346 263347 263348 263349 263350 263351 263352 263353 263354 263355 263356 263357 263358 263359 263360 263361 263362 263363 263364 263365 263366 263367 263368 263369 263370 263371 263372 263373 263374 263375 263376 263377 263378 263379 263380 263381 263382 263383 263384 263385 263386 263387 263388 263389 263390 263391 263392 263393 263394 263395 263396 263397 263398 263399 263400 263401 263402 263403 263404 263405 263406 263407 263408 263409 263410 263411 263412 263413 263414 263415 263416
264045 264046 264047 264048 264049 264050 264051 264052 264053 264054 264055 264056 264057 264058 264059 264060 264061 264062 264063 264064 264065 264066 264067 264068 264069 264070 264071 264072 264073 264074 264075 264076 264077 264078 264079 264080 264081 264082 264083 264084 264085 264086 264087 264088 264089 264090 264091 264092 264093 264094 264095 264096 264097 264098 264099 264100 264101 264102 264103 264104 264105 264106 264107 264108 264109 264110 264111 264112 264113 264114 264115 264116
